0 0.500882 0.149091 0.179412 0.026364
0 0.515000 0.180227 0.167647 0.019545
0 0.500588 0.368636 0.192941 0.045455
0 0.559412 0.294318 0.122353 0.019545
0 0.427941 0.327500 0.113529 0.021364
0 0.647941 0.311591 0.081765 0.016818
0 0.212941 0.311136 0.080000 0.017727
0 0.162941 0.326136 0.097647 0.016818
0 0.313529 0.328182 0.047059 0.015455
0 0.158824 0.277045 0.090588 0.019545
0 0.497353 0.458864 0.362941 0.052273
0 0.707353 0.497727 0.165294 0.020909
0 0.503824 0.563409 0.211176 0.049545
0 0.498235 0.772045 0.387059 0.047727
