0 0.354118 0.154091 0.207059 0.020909
0 0.347059 0.171364 0.122353 0.018182
0 0.515000 0.207500 0.521765 0.035909
0 0.327353 0.250909 0.153529 0.026364
0 0.747059 0.311818 0.191765 0.021818
0 0.177647 0.327955 0.128235 0.020455
0 0.363824 0.379318 0.119412 0.017727
0 0.750294 0.362500 0.201765 0.018636
0 0.804412 0.396364 0.161765 0.018182
0 0.477647 0.395455 0.101176 0.018182
0 0.530588 0.309773 0.069412 0.016818
0 0.504412 0.516364 0.121765 0.020000
0 0.555294 0.482727 0.077647 0.021818
0 0.789118 0.818409 0.066471 0.015909
