0 0.352941 0.173864 0.216471 0.022273
0 0.281176 0.242273 0.103529 0.017273
0 0.429412 0.258409 0.407059 0.023182
0 0.427647 0.208182 0.085882 0.018182
0 0.314706 0.207045 0.068235 0.016818
0 0.258824 0.223182 0.056471 0.020909
0 0.296176 0.309545 0.248824 0.021818
0 0.661471 0.370227 0.100588 0.024091
0 0.587059 0.425682 0.092941 0.024091
0 0.784706 0.472045 0.090588 0.016818
0 0.402647 0.558182 0.147647 0.017273
0 0.148824 0.488409 0.067059 0.017727
0 0.357059 0.608864 0.271765 0.020455
0 0.751765 0.625455 0.136471 0.019091
0 0.334118 0.663409 0.216471 0.025909
0 0.500294 0.727500 0.485294 0.051364
0 0.502059 0.809773 0.534706 0.055909
0 0.234412 0.766136 0.062941 0.020455
