0 0.273824 0.152955 0.167647 0.019545
0 0.272059 0.171818 0.167647 0.020000
0 0.276471 0.189545 0.180000 0.020000
0 0.503235 0.240909 0.614706 0.024545
0 0.257647 0.274091 0.175294 0.020909
0 0.316176 0.308636 0.237059 0.020909
0 0.500294 0.484318 0.214706 0.030455
0 0.501765 0.565000 0.325882 0.049091
0 0.438824 0.602273 0.094118 0.019091
0 0.276765 0.654773 0.197059 0.020455
0 0.532059 0.637500 0.137059 0.018636
0 0.843824 0.653864 0.079412 0.022273
0 0.750588 0.670000 0.131765 0.016364
0 0.743235 0.688182 0.150000 0.019091
0 0.403529 0.688636 0.090588 0.019091
0 0.189118 0.704545 0.152353 0.017273
0 0.373529 0.704545 0.108235 0.019091
0 0.155588 0.721818 0.087647 0.017273
0 0.591765 0.724091 0.060000 0.017273
0 0.819118 0.705909 0.058235 0.016364
0 0.149412 0.740000 0.071765 0.020000
0 0.498235 0.779545 0.281176 0.045455
