0 0.501765 0.126364 0.389412 0.046364
0 0.500294 0.291818 0.113529 0.033636
0 0.388824 0.235000 0.107059 0.024545
0 0.641471 0.393636 0.141765 0.026364
0 0.500588 0.446136 0.605882 0.037727
0 0.501765 0.541591 0.175294 0.047727
0 0.408235 0.483182 0.135294 0.021818
0 0.234706 0.480909 0.134118 0.020000
0 0.218824 0.500909 0.200000 0.022727
0 0.585000 0.582955 0.106471 0.017727
0 0.534706 0.601136 0.057647 0.021364
0 0.460000 0.617955 0.091765 0.015909
0 0.420588 0.635000 0.058824 0.016364
0 0.496176 0.704773 0.745294 0.103182
0 0.482353 0.853636 0.672941 0.067273
0 0.306176 0.790909 0.140588 0.020909
0 0.325882 0.809773 0.051765 0.022273
0 0.514706 0.773409 0.061176 0.019545
0 0.717059 0.772500 0.061176 0.017727
0 0.198824 0.772500 0.071765 0.017727
