0 0.406765 0.132273 0.218235 0.016364
0 0.378529 0.179318 0.115882 0.016818
0 0.372647 0.196818 0.121765 0.014545
0 0.480294 0.227727 0.117059 0.015455
0 0.428824 0.243636 0.110588 0.016364
0 0.363235 0.261591 0.110000 0.014091
0 0.393824 0.295227 0.077059 0.015909
0 0.329118 0.309773 0.144118 0.016818
0 0.331471 0.451136 0.260588 0.017727
0 0.498529 0.494318 0.331176 0.042273
0 0.777647 0.436136 0.098824 0.017727
0 0.701176 0.634091 0.155294 0.016364
0 0.639118 0.649773 0.190000 0.017727
0 0.549706 0.662727 0.238235 0.017273
0 0.701471 0.678864 0.138235 0.015000
0 0.487059 0.791818 0.610588 0.039091
0 0.291471 0.821364 0.141765 0.016364
0 0.435882 0.820682 0.085882 0.017727
0 0.458529 0.864318 0.078235 0.014091
0 0.273235 0.863864 0.066471 0.014091
