0 0.498824 0.124545 0.472941 0.027273
0 0.484706 0.194773 0.571765 0.020455
0 0.255882 0.158864 0.160000 0.017727
0 0.743824 0.310455 0.164118 0.020000
0 0.300588 0.349773 0.135294 0.018636
0 0.472059 0.348864 0.144118 0.019545
0 0.442941 0.377273 0.209412 0.020909
0 0.738235 0.376364 0.078824 0.020000
0 0.638529 0.438636 0.121765 0.018182
0 0.498824 0.461136 0.478824 0.027727
0 0.498235 0.594545 0.092941 0.017273
0 0.501471 0.752500 0.290000 0.042273
0 0.499706 0.876818 0.165294 0.042727
0 0.520294 0.845455 0.117059 0.020000
0 0.770000 0.815909 0.056471 0.012727
0 0.383824 0.814773 0.118235 0.015909
