0 0.500000 0.346136 0.183529 0.040455
0 0.554412 0.384545 0.094706 0.018182
0 0.193235 0.382955 0.058235 0.018636
0 0.305588 0.460455 0.075882 0.014545
0 0.172941 0.461591 0.122353 0.019545
0 0.446765 0.476591 0.257059 0.018636
0 0.368235 0.490000 0.122353 0.018182
0 0.494412 0.551136 0.357059 0.044091
0 0.456765 0.508864 0.101765 0.022273
0 0.575000 0.607045 0.146471 0.026818
0 0.500882 0.671364 0.273529 0.068182
0 0.219412 0.588409 0.110588 0.025000
0 0.274118 0.721136 0.223529 0.025909
0 0.497941 0.761136 0.397059 0.047727
