0 0.501471 0.183864 0.167647 0.020455
0 0.500882 0.222273 0.245294 0.025455
0 0.656471 0.245455 0.163529 0.012727
0 0.497941 0.284091 0.526471 0.019091
0 0.201765 0.260909 0.181176 0.017273
0 0.255000 0.244545 0.084118 0.017273
0 0.668235 0.324318 0.258824 0.020455
0 0.497353 0.354318 0.184118 0.017727
0 0.377647 0.325455 0.169412 0.016364
0 0.499118 0.404545 0.270000 0.033636
0 0.703235 0.439091 0.092353 0.022727
0 0.498529 0.481364 0.381765 0.026364
0 0.499412 0.533864 0.428235 0.023182
0 0.253235 0.506591 0.088824 0.019545
0 0.499706 0.600227 0.321765 0.025000
0 0.709118 0.559773 0.099412 0.017727
0 0.347941 0.639773 0.060588 0.021364
0 0.200000 0.640909 0.078824 0.018182
0 0.500882 0.724545 0.506471 0.033636
0 0.497647 0.815000 0.369412 0.024545
0 0.329412 0.835909 0.072941 0.016364
0 0.400000 0.786364 0.067059 0.016364
0 0.617941 0.755000 0.066471 0.019091
0 0.820294 0.755909 0.067647 0.020000
0 0.340000 0.755000 0.087059 0.020000
0 0.151471 0.800227 0.071176 0.018636
