0 0.257647 0.114318 0.223529 0.018636
0 0.469412 0.100227 0.109412 0.017727
0 0.745588 0.100000 0.287647 0.021818
0 0.248235 0.130455 0.264706 0.020000
0 0.252941 0.213409 0.188235 0.017727
0 0.497647 0.268182 0.443529 0.034545
0 0.749118 0.200682 0.281765 0.025000
0 0.846471 0.152045 0.089412 0.017727
0 0.854412 0.167727 0.066471 0.017273
0 0.851176 0.182273 0.070588 0.017273
0 0.500882 0.324545 0.114706 0.038182
0 0.501765 0.407273 0.109412 0.035455
0 0.667647 0.437273 0.183529 0.031818
0 0.500294 0.572045 0.193529 0.035909
0 0.328824 0.601136 0.178824 0.023182
0 0.692941 0.600682 0.143529 0.022273
0 0.652941 0.621364 0.128235 0.020000
0 0.497941 0.795227 0.544118 0.108636
0 0.400882 0.870455 0.186471 0.031818
