0 0.363235 0.099773 0.068824 0.026818
0 0.499118 0.136364 0.407647 0.038182
0 0.501176 0.206591 0.536471 0.037727
0 0.211471 0.261136 0.193529 0.022273
0 0.501471 0.418636 0.242941 0.042727
0 0.718824 0.471818 0.190588 0.018182
0 0.500882 0.539318 0.162941 0.025909
0 0.500000 0.619318 0.417647 0.033182
0 0.499118 0.691364 0.324118 0.035455
0 0.365588 0.654091 0.358235 0.022727
0 0.565882 0.830909 0.085882 0.016364
0 0.655000 0.739773 0.059412 0.020455
0 0.349412 0.846364 0.381176 0.020909
0 0.170882 0.864091 0.108824 0.023636
