0 0.502941 0.467500 0.237647 0.040455
0 0.504706 0.528182 0.423529 0.078182
0 0.498824 0.658409 0.421176 0.032273
0 0.601176 0.607500 0.188235 0.025000
0 0.237941 0.608409 0.095882 0.029545
0 0.257059 0.583636 0.190588 0.025455
0 0.500588 0.725227 0.475294 0.056818
0 0.508529 0.832045 0.475882 0.108636
0 0.504412 0.171364 0.419412 0.090909
0 0.733529 0.099091 0.078824 0.023636
0 0.191176 0.229091 0.109412 0.025455
0 0.468529 0.255000 0.126471 0.023636
0 0.461471 0.272500 0.131176 0.016818
0 0.670294 0.273409 0.142941 0.020455
0 0.786471 0.288409 0.131765 0.015000
0 0.642059 0.288182 0.098235 0.017273
0 0.427941 0.303864 0.208824 0.019545
0 0.708824 0.330455 0.063529 0.017273
0 0.620000 0.330227 0.051765 0.020455
0 0.214706 0.273182 0.155294 0.020000
0 0.222941 0.287273 0.215294 0.018182
0 0.200588 0.303182 0.175294 0.019091
0 0.835882 0.376364 0.103529 0.020909
