0 0.504706 0.186136 0.432941 0.081364
0 0.442647 0.098636 0.122941 0.021818
0 0.771471 0.097273 0.142941 0.022727
0 0.596765 0.115909 0.194706 0.019091
0 0.281471 0.341591 0.085294 0.018636
0 0.219706 0.375227 0.037059 0.020455
0 0.502647 0.485227 0.235882 0.042273
0 0.502941 0.533182 0.394118 0.052727
0 0.647647 0.359091 0.047059 0.020000
0 0.313529 0.570000 0.096471 0.020000
0 0.499706 0.619545 0.505294 0.036364
0 0.499412 0.683636 0.414118 0.036364
0 0.499412 0.761136 0.397647 0.064091
0 0.770294 0.837273 0.078235 0.019091
0 0.745882 0.852500 0.061176 0.016818
0 0.433824 0.868182 0.087647 0.020000
