0 0.534462 0.149209 0.212817 0.037623
0 0.747884 0.222103 0.176542 0.016674
0 0.249395 0.236426 0.121524 0.017956
0 0.311064 0.296494 0.240024 0.017529
0 0.435308 0.309748 0.152358 0.016674
0 0.662334 0.311030 0.226723 0.021804
0 0.718259 0.280248 0.101572 0.017529
0 0.819528 0.295425 0.090085 0.017101
0 0.674426 0.265712 0.102177 0.019239
0 0.537183 0.474776 0.307739 0.038050
0 0.261790 0.407012 0.072551 0.017956
0 0.379383 0.407439 0.065901 0.017101
0 0.792322 0.520094 0.084039 0.017529
0 0.536880 0.663104 0.153567 0.014536
0 0.574667 0.635100 0.128779 0.016674
0 0.802600 0.713125 0.159008 0.014536
0 0.664752 0.798632 0.099758 0.012826
0 0.338875 0.812954 0.058646 0.013254
