0 0.535671 0.201154 0.336155 0.035485
0 0.467956 0.155195 0.076179 0.018811
0 0.810762 0.168021 0.108827 0.013681
0 0.533857 0.319367 0.330109 0.026507
0 0.313180 0.533561 0.166868 0.017956
0 0.270254 0.548097 0.088271 0.016246
0 0.492745 0.561779 0.111245 0.015391
0 0.284462 0.560496 0.059855 0.011971
0 0.352781 0.591492 0.123942 0.013254
0 0.422007 0.604532 0.331318 0.017956
0 0.628476 0.563061 0.114268 0.014536
0 0.280834 0.630825 0.094921 0.018384
0 0.523881 0.709277 0.077993 0.018811
0 0.537787 0.744121 0.163845 0.040616
0 0.785067 0.782386 0.137243 0.018811
0 0.536276 0.824711 0.315599 0.023942
0 0.628779 0.797349 0.071342 0.018811
0 0.363362 0.797136 0.070133 0.018384
