0 0.535671 0.095126 0.251511 0.038906
0 0.535369 0.172937 0.596735 0.038906
0 0.537485 0.387131 0.287787 0.026935
0 0.532950 0.427319 0.308948 0.021804
0 0.682285 0.492946 0.155381 0.017956
0 0.537485 0.550235 0.060459 0.020522
0 0.719770 0.508978 0.056227 0.017529
0 0.539601 0.600257 0.428658 0.032493
0 0.463120 0.648995 0.083434 0.014536
0 0.351572 0.647926 0.073156 0.014109
0 0.218863 0.660539 0.062878 0.016246
0 0.641778 0.719111 0.247279 0.017101
0 0.533857 0.804190 0.207981 0.035058
0 0.280834 0.771911 0.076784 0.017529
0 0.535067 0.861052 0.459492 0.043608
0 0.845224 0.757161 0.084643 0.017101
