0 0.306530 0.075460 0.304716 0.020094
0 0.405683 0.091278 0.128174 0.015819
0 0.563785 0.090637 0.096131 0.018811
0 0.753325 0.090851 0.114873 0.020949
0 0.440145 0.137879 0.527207 0.037195
0 0.660520 0.170586 0.048972 0.012826
0 0.601572 0.199872 0.122128 0.014964
0 0.460097 0.246259 0.175333 0.030782
0 0.477630 0.280676 0.126965 0.020949
0 0.683192 0.298204 0.258767 0.023514
0 0.438634 0.298632 0.088875 0.018384
0 0.198609 0.297991 0.092503 0.017101
0 0.253930 0.321719 0.174123 0.026935
0 0.331016 0.346943 0.123942 0.024369
0 0.673216 0.420693 0.211004 0.017956
0 0.231560 0.435656 0.078597 0.013681
0 0.407799 0.449551 0.100967 0.014109
0 0.444680 0.435442 0.061064 0.014964
0 0.656288 0.518598 0.175937 0.017956
0 0.219770 0.518811 0.123942 0.014964
0 0.339782 0.517956 0.045949 0.011543
0 0.410218 0.490594 0.047763 0.012398
0 0.483978 0.556434 0.308948 0.040616
0 0.485490 0.661608 0.460701 0.036340
0 0.262999 0.709277 0.051995 0.014536
0 0.370314 0.723600 0.219468 0.016674
0 0.701632 0.786447 0.157799 0.017529
0 0.297158 0.802480 0.113059 0.019667
0 0.240931 0.772125 0.058646 0.015391
0 0.405079 0.803549 0.050786 0.013254
0 0.242443 0.871099 0.060459 0.018384
