0 0.419589 0.074605 0.142684 0.018384
0 0.464329 0.104532 0.262394 0.025224
0 0.461306 0.247542 0.356711 0.032493
0 0.751814 0.199872 0.120314 0.022659
0 0.563785 0.199444 0.133615 0.016674
0 0.497582 0.294570 0.155985 0.013681
0 0.361850 0.281531 0.155381 0.015819
0 0.464027 0.329201 0.137243 0.032493
0 0.464631 0.374519 0.490326 0.029072
0 0.356711 0.400812 0.082225 0.014964
0 0.585852 0.400385 0.130593 0.015819
0 0.464329 0.447627 0.361548 0.033348
0 0.536578 0.482471 0.090085 0.019239
0 0.262394 0.482471 0.039903 0.018384
0 0.443168 0.549594 0.551391 0.026080
0 0.422310 0.576956 0.053809 0.020094
0 0.527811 0.593202 0.171705 0.014964
0 0.383615 0.592133 0.057437 0.013681
0 0.248791 0.607952 0.264208 0.016246
0 0.464933 0.662035 0.681983 0.068833
0 0.516324 0.724241 0.114873 0.017956
0 0.462515 0.870885 0.273277 0.017956
0 0.566203 0.844805 0.065901 0.014536
