0 0.537485 0.176144 0.217654 0.020522
0 0.703748 0.204575 0.126965 0.018384
0 0.334946 0.234929 0.056832 0.016674
0 0.530834 0.305686 0.407497 0.024797
0 0.535973 0.416845 0.380290 0.022232
0 0.636638 0.440787 0.050786 0.017956
0 0.534764 0.467935 0.163845 0.020094
0 0.512999 0.539333 0.530230 0.026080
0 0.314087 0.631894 0.171100 0.017956
0 0.269347 0.646644 0.077993 0.014964
0 0.262092 0.659470 0.064692 0.016674
0 0.376360 0.661180 0.108222 0.012398
0 0.492443 0.675075 0.110641 0.017101
0 0.628779 0.675075 0.110036 0.012826
0 0.384522 0.733647 0.211608 0.019667
0 0.353386 0.704361 0.125151 0.017529
0 0.311064 0.749466 0.064692 0.014536
0 0.429867 0.776614 0.349456 0.019239
0 0.371524 0.821719 0.231560 0.025652
0 0.282044 0.850150 0.111850 0.016674
