0 0.532950 0.100470 0.145707 0.015391
0 0.532950 0.123985 0.087666 0.015391
0 0.531137 0.145361 0.136034 0.016246
0 0.532044 0.166952 0.181378 0.014964
0 0.532950 0.188970 0.226723 0.015391
0 0.532044 0.210346 0.216445 0.017956
0 0.469770 0.476699 0.191052 0.017956
0 0.453748 0.491022 0.080411 0.014964
0 0.612757 0.503848 0.119105 0.020094
0 0.850665 0.446986 0.062878 0.017529
0 0.341898 0.505558 0.165054 0.014964
0 0.435006 0.534203 0.119105 0.016674
0 0.561064 0.547456 0.101572 0.015819
0 0.498489 0.562420 0.487908 0.020094
0 0.466445 0.591278 0.097340 0.018811
0 0.533555 0.768491 0.368198 0.030355
0 0.535369 0.834117 0.160218 0.035913
