0 0.480048 0.075887 0.120919 0.016674
0 0.462213 0.110090 0.647521 0.038050
0 0.462817 0.236212 0.247279 0.038050
0 0.743047 0.196451 0.073761 0.020094
0 0.462515 0.309534 0.383313 0.038478
0 0.314692 0.343309 0.317412 0.018811
0 0.685006 0.343737 0.122128 0.021377
0 0.165357 0.356563 0.091294 0.018811
0 0.444982 0.391834 0.588875 0.041471
0 0.460097 0.553228 0.407497 0.031637
0 0.407195 0.489525 0.139661 0.017101
0 0.464027 0.643651 0.246070 0.032920
0 0.722793 0.682343 0.104595 0.017956
0 0.213120 0.680847 0.098549 0.014964
0 0.365175 0.681274 0.133011 0.024369
0 0.183495 0.697734 0.129988 0.019667
0 0.765417 0.728303 0.093108 0.015819
0 0.461306 0.812313 0.094317 0.042753
0 0.565296 0.770842 0.094317 0.019667
