0 0.462213 0.125267 0.366989 0.036768
0 0.439843 0.091278 0.202539 0.017529
0 0.175333 0.090423 0.119710 0.014964
0 0.221282 0.158187 0.108827 0.021377
0 0.463120 0.185977 0.311971 0.025652
0 0.464027 0.456392 0.098549 0.017529
0 0.192866 0.456178 0.116082 0.015391
0 0.726119 0.500214 0.103990 0.012826
0 0.665357 0.514750 0.115478 0.016246
0 0.596131 0.472852 0.133011 0.017101
0 0.274184 0.515391 0.190447 0.014109
0 0.433495 0.515819 0.060459 0.013254
0 0.462213 0.698375 0.301693 0.021804
0 0.555623 0.657546 0.175333 0.017101
0 0.464027 0.799701 0.418984 0.029500
0 0.256651 0.843523 0.091294 0.017956
0 0.202842 0.827918 0.067110 0.020094
