0 0.460097 0.172937 0.325272 0.030355
0 0.631802 0.140445 0.111245 0.020094
0 0.411125 0.104959 0.266022 0.020094
0 0.226421 0.209919 0.125151 0.019667
0 0.466143 0.273621 0.276904 0.021377
0 0.715236 0.232792 0.110036 0.019239
0 0.487606 0.378581 0.500000 0.038906
0 0.482467 0.456392 0.366385 0.039761
0 0.484583 0.549594 0.386336 0.059427
0 0.396917 0.501283 0.074365 0.020949
0 0.211004 0.501283 0.070133 0.016674
0 0.617594 0.789654 0.111850 0.017956
0 0.464027 0.830056 0.220677 0.020094
0 0.672612 0.855494 0.276300 0.017101
