0 0.632406 0.074605 0.103990 0.018384
0 0.536880 0.134245 0.678356 0.071826
0 0.539299 0.230654 0.684401 0.066268
0 0.535067 0.314664 0.239420 0.027362
0 0.655985 0.284523 0.091898 0.018384
0 0.854595 0.281531 0.056227 0.016674
0 0.311669 0.342454 0.161427 0.023087
0 0.466445 0.341813 0.081620 0.019239
0 0.532648 0.377939 0.524788 0.031637
0 0.532950 0.435870 0.321040 0.022659
0 0.745768 0.408935 0.055018 0.018384
0 0.325272 0.465156 0.176542 0.020522
0 0.631499 0.482899 0.306530 0.019239
0 0.534462 0.608593 0.244256 0.032065
0 0.512999 0.650064 0.110641 0.017529
0 0.695586 0.651133 0.082830 0.020522
0 0.275393 0.650064 0.143289 0.015819
0 0.535671 0.695383 0.354293 0.026935
0 0.741536 0.730868 0.202539 0.027790
0 0.508162 0.752245 0.226723 0.022659
0 0.750000 0.754168 0.042926 0.014536
0 0.354595 0.769773 0.052600 0.016674
0 0.535369 0.834758 0.425030 0.079094
