0 0.320435 0.076101 0.055623 0.019667
0 0.192866 0.073536 0.060459 0.018811
0 0.464329 0.161180 0.370012 0.044463
0 0.513603 0.198162 0.466143 0.021804
0 0.461306 0.237708 0.239420 0.021377
0 0.586457 0.301625 0.163241 0.022659
0 0.717050 0.288371 0.126965 0.013254
0 0.366989 0.273407 0.065296 0.016674
0 0.265115 0.273621 0.061064 0.017956
0 0.179565 0.319581 0.123337 0.018384
0 0.463422 0.407439 0.366989 0.036768
0 0.256651 0.469645 0.145707 0.020949
0 0.464329 0.510475 0.356711 0.047029
0 0.464933 0.576101 0.287787 0.043181
0 0.463120 0.643865 0.469166 0.035913
0 0.256046 0.678281 0.192866 0.020949
0 0.487001 0.676999 0.067110 0.015819
0 0.655683 0.676785 0.064692 0.016246
0 0.615478 0.711843 0.107618 0.013681
0 0.253628 0.696665 0.198912 0.019239
0 0.462515 0.743480 0.356711 0.030782
0 0.350060 0.775759 0.105200 0.019239
0 0.463120 0.835400 0.411125 0.076956
