0 0.674426 0.076315 0.154172 0.017529
0 0.307134 0.185122 0.117291 0.014536
0 0.570435 0.184694 0.293229 0.018811
0 0.822551 0.182984 0.121524 0.019667
0 0.535671 0.227020 0.390568 0.046174
0 0.361850 0.296067 0.116687 0.014964
0 0.516324 0.295853 0.120919 0.017956
0 0.532950 0.387345 0.365780 0.141086
0 0.370617 0.474348 0.258767 0.020094
0 0.614873 0.474989 0.151149 0.015391
0 0.553809 0.599829 0.430472 0.103463
0 0.658102 0.532065 0.128779 0.018384
0 0.805320 0.531637 0.061669 0.019239
0 0.724002 0.516460 0.075574 0.019667
0 0.473398 0.516888 0.200726 0.017101
0 0.505744 0.532493 0.104595 0.013254
0 0.386034 0.532706 0.111850 0.017956
0 0.305623 0.515819 0.056227 0.017529
0 0.329807 0.667807 0.107013 0.021377
0 0.571040 0.667379 0.306530 0.020522
0 0.554414 0.704788 0.273277 0.042326
0 0.313785 0.748611 0.067715 0.017956
0 0.481560 0.748824 0.190447 0.014964
0 0.723700 0.748611 0.072551 0.022232
0 0.557134 0.830483 0.415357 0.103891
0 0.261487 0.762292 0.063482 0.017956
