0 0.225514 0.075032 0.100363 0.014109
0 0.379686 0.076315 0.139057 0.015819
0 0.493349 0.074818 0.065296 0.017101
0 0.622128 0.076101 0.120919 0.020522
0 0.618198 0.102180 0.067110 0.012826
0 0.737908 0.116289 0.150544 0.017956
0 0.207074 0.116289 0.172310 0.015391
0 0.181076 0.130825 0.143289 0.019667
0 0.395103 0.131253 0.232769 0.020522
0 0.464933 0.199444 0.419589 0.099615
0 0.470979 0.268063 0.062878 0.015391
0 0.736699 0.266994 0.156590 0.016674
0 0.585852 0.280034 0.070133 0.014536
0 0.463120 0.321291 0.230955 0.056862
0 0.228839 0.265284 0.131197 0.019239
0 0.462213 0.428602 0.421403 0.097050
