0 0.289299 0.098119 0.077993 0.018384
0 0.445586 0.097905 0.081016 0.017956
0 0.470073 0.112869 0.132406 0.014536
0 0.470073 0.129115 0.137243 0.017101
0 0.548368 0.148140 0.296252 0.020949
0 0.305623 0.113938 0.110641 0.014109
0 0.316203 0.129329 0.131802 0.018384
0 0.322551 0.147071 0.144498 0.018811
0 0.464631 0.277469 0.283555 0.020522
0 0.701028 0.359769 0.156590 0.018384
0 0.672007 0.317230 0.052600 0.016246
0 0.277509 0.300983 0.058041 0.017101
0 0.371826 0.431595 0.054414 0.012398
0 0.227630 0.604746 0.146917 0.014964
0 0.348851 0.691749 0.149940 0.017101
0 0.296252 0.719966 0.101572 0.016246
0 0.465538 0.769132 0.309553 0.044463
