0 0.537183 0.126764 0.406892 0.043181
0 0.343108 0.165028 0.213422 0.017956
0 0.302297 0.193031 0.100363 0.014964
0 0.507255 0.194314 0.232164 0.017529
0 0.705562 0.178068 0.096735 0.015819
0 0.533253 0.240915 0.438936 0.038906
0 0.378174 0.281531 0.233978 0.023514
0 0.537485 0.374091 0.288996 0.029927
0 0.375756 0.407012 0.115478 0.015391
0 0.270254 0.341171 0.061669 0.015391
0 0.682890 0.328345 0.064692 0.013681
0 0.535671 0.489953 0.215236 0.023942
0 0.366687 0.591920 0.079202 0.017529
0 0.581923 0.635314 0.082830 0.015391
0 0.724305 0.649209 0.143894 0.016674
0 0.521161 0.663745 0.185006 0.018384
0 0.233978 0.664386 0.090689 0.014536
0 0.345828 0.709491 0.111245 0.020094
0 0.564994 0.692817 0.087666 0.014964
0 0.708283 0.793074 0.080411 0.013681
0 0.381499 0.808679 0.310762 0.014964
0 0.329504 0.793715 0.108827 0.016674
0 0.338271 0.837537 0.301693 0.018811
0 0.820435 0.793929 0.076179 0.016246
0 0.749698 0.821291 0.073761 0.014536
0 0.567715 0.836041 0.054414 0.015819
0 0.271765 0.871526 0.163845 0.013254
0 0.545345 0.859342 0.050786 0.012826
0 0.701632 0.859342 0.048972 0.016246
0 0.859129 0.859555 0.058041 0.015819
