0 0.495466 0.074605 0.069528 0.017529
0 0.444680 0.112014 0.588271 0.034203
0 0.639661 0.148354 0.058041 0.018811
0 0.283253 0.148568 0.231560 0.023514
0 0.469468 0.235143 0.178356 0.022232
0 0.634825 0.396109 0.142684 0.018384
0 0.503023 0.364900 0.076179 0.020094
0 0.547461 0.407867 0.053809 0.016246
0 0.439238 0.481616 0.556832 0.058572
0 0.416264 0.541898 0.125151 0.021804
0 0.457376 0.572253 0.201330 0.026935
0 0.275091 0.696451 0.160822 0.019667
0 0.641475 0.727448 0.163241 0.018384
0 0.751511 0.696879 0.059250 0.017101
0 0.359129 0.796708 0.081016 0.012398
0 0.163543 0.856990 0.097340 0.015819
