0 0.618803 0.265498 0.139661 0.016246
0 0.769952 0.294143 0.081620 0.015391
0 0.837969 0.205002 0.053204 0.014964
0 0.319831 0.277469 0.058041 0.016246
0 0.371826 0.232578 0.060459 0.017101
0 0.540508 0.219538 0.060459 0.015819
0 0.571040 0.191321 0.068319 0.017529
0 0.472491 0.191535 0.062273 0.014536
0 0.333736 0.175930 0.059250 0.017529
0 0.223096 0.219752 0.062878 0.018811
0 0.532950 0.363617 0.313785 0.020094
0 0.539601 0.390552 0.137243 0.015819
0 0.536276 0.448268 0.164450 0.023514
0 0.570435 0.474562 0.171100 0.017101
0 0.587666 0.590209 0.114873 0.013254
0 0.695889 0.604318 0.072551 0.014964
0 0.522068 0.619496 0.104595 0.018811
0 0.534764 0.656050 0.177146 0.039761
0 0.269045 0.620137 0.089480 0.014964
0 0.282346 0.605814 0.077388 0.016246
0 0.534764 0.731723 0.345224 0.044891
0 0.765719 0.764643 0.166264 0.022659
0 0.538089 0.833903 0.205562 0.038050
