0 0.549274 0.167379 0.501209 0.032065
0 0.389057 0.206071 0.149335 0.023087
0 0.413845 0.124198 0.203748 0.019239
0 0.405381 0.138093 0.115478 0.014536
0 0.536578 0.400812 0.204958 0.020094
0 0.790206 0.426464 0.189843 0.016674
0 0.582830 0.426037 0.072551 0.014964
0 0.284160 0.440573 0.114873 0.015819
0 0.552902 0.483326 0.113059 0.016674
0 0.241233 0.483326 0.108827 0.016674
0 0.290206 0.512398 0.159613 0.014109
0 0.592201 0.582941 0.114268 0.015819
0 0.615175 0.569260 0.071947 0.014964
0 0.670798 0.596622 0.114268 0.016674
