0 0.464631 0.147499 0.213422 0.030782
0 0.466445 0.231082 0.311366 0.048311
0 0.460097 0.416845 0.264813 0.037623
0 0.273579 0.313596 0.202539 0.019239
0 0.564087 0.295425 0.135429 0.021377
0 0.743954 0.340316 0.145707 0.018811
0 0.441052 0.341599 0.090085 0.017101
0 0.418077 0.355066 0.103386 0.014109
0 0.245768 0.353997 0.142080 0.015391
0 0.465236 0.544463 0.373035 0.044036
0 0.463120 0.712912 0.116082 0.027790
0 0.480955 0.653912 0.111850 0.025224
0 0.597340 0.822146 0.133011 0.022232
0 0.464631 0.867892 0.571342 0.033348
0 0.232467 0.743694 0.071947 0.016674
0 0.349456 0.742839 0.081016 0.015819
