0 0.369407 0.149423 0.212817 0.019239
0 0.298670 0.175930 0.116082 0.014964
0 0.468561 0.241556 0.128174 0.018811
0 0.300484 0.242625 0.135429 0.016674
0 0.304716 0.260581 0.240629 0.020949
0 0.536276 0.299059 0.164450 0.042326
0 0.613664 0.336041 0.090689 0.017101
0 0.567110 0.349722 0.053204 0.017101
0 0.522672 0.364472 0.087666 0.012398
0 0.540206 0.439932 0.695889 0.085507
0 0.364571 0.510902 0.136638 0.017101
0 0.266626 0.496152 0.071342 0.016674
0 0.564087 0.497435 0.056832 0.017529
0 0.534462 0.561992 0.645707 0.046601
0 0.401451 0.525652 0.045949 0.016674
0 0.497279 0.709919 0.137243 0.019239
