0 0.475816 0.075032 0.136638 0.025224
0 0.462213 0.122488 0.298065 0.032065
0 0.205562 0.152202 0.076179 0.023942
0 0.306832 0.155408 0.061064 0.019239
0 0.463120 0.187046 0.347037 0.033775
0 0.489722 0.251176 0.261185 0.022659
0 0.456167 0.283882 0.265417 0.033348
0 0.372733 0.314023 0.446796 0.030355
0 0.467050 0.391620 0.411729 0.027362
0 0.463422 0.437153 0.518138 0.032065
0 0.366687 0.461736 0.276300 0.023087
0 0.463120 0.555793 0.663845 0.121419
0 0.459492 0.669303 0.499395 0.033775
0 0.463120 0.715690 0.118501 0.024797
0 0.636034 0.775545 0.180169 0.021377
0 0.469166 0.805900 0.152358 0.034203
0 0.464329 0.864472 0.314389 0.035058
