0 0.461004 0.163318 0.411729 0.148782
0 0.291415 0.074605 0.099154 0.020094
0 0.194075 0.291364 0.155985 0.018384
0 0.612757 0.430526 0.173519 0.021377
0 0.546856 0.370885 0.179565 0.020094
0 0.210097 0.370671 0.132406 0.018811
0 0.459794 0.568405 0.412938 0.053442
0 0.521161 0.514322 0.106409 0.019667
0 0.193168 0.831338 0.159008 0.019239
0 0.388452 0.830483 0.163845 0.018384
0 0.712515 0.831124 0.142080 0.016246
0 0.639057 0.816161 0.130593 0.017956
0 0.691657 0.791791 0.089480 0.014536
0 0.465236 0.867037 0.490326 0.033348
