0 0.534764 0.275331 0.439541 0.094057
0 0.406892 0.089996 0.096735 0.016674
0 0.340085 0.338820 0.191657 0.019239
0 0.534764 0.494228 0.209794 0.018811
0 0.539299 0.553655 0.305925 0.044463
0 0.449819 0.588072 0.434099 0.022659
0 0.779021 0.588713 0.151753 0.020522
0 0.526904 0.604959 0.238815 0.017101
0 0.535973 0.649209 0.166264 0.036340
0 0.243349 0.603249 0.110641 0.021377
0 0.346433 0.683839 0.094317 0.016674
0 0.535067 0.731937 0.461911 0.043608
0 0.440145 0.773835 0.409915 0.021377
0 0.632709 0.789440 0.058646 0.014964
0 0.541415 0.818085 0.152963 0.021804
0 0.747582 0.819153 0.196493 0.020522
0 0.246977 0.802907 0.119105 0.018811
0 0.327690 0.818085 0.159613 0.017529
