0 0.316471 0.311364 0.229412 0.022727
0 0.352353 0.269773 0.192941 0.018636
0 0.506765 0.462273 0.233529 0.036364
0 0.437647 0.493182 0.083529 0.019091
0 0.736765 0.509091 0.117059 0.016364
0 0.659412 0.540455 0.042353 0.019091
0 0.562353 0.555682 0.070588 0.018636
0 0.506765 0.666364 0.605294 0.040000
0 0.514706 0.706364 0.280000 0.029091
0 0.745000 0.767273 0.182941 0.014545
0 0.761471 0.750455 0.090000 0.019091
0 0.816765 0.735682 0.052353 0.016818
0 0.505588 0.796364 0.345294 0.027273
0 0.650294 0.838864 0.088824 0.016818
0 0.447353 0.822727 0.167647 0.017273
