0 0.397647 0.123636 0.127059 0.019091
0 0.631471 0.123409 0.138235 0.018636
0 0.790588 0.187955 0.150588 0.016818
0 0.654118 0.186591 0.057647 0.017727
0 0.538529 0.171818 0.144118 0.017273
0 0.362353 0.172273 0.127059 0.016364
0 0.452941 0.187500 0.198824 0.015000
0 0.312647 0.202955 0.081765 0.018636
0 0.491471 0.235455 0.618235 0.041818
0 0.505588 0.430455 0.199412 0.021818
0 0.507059 0.526364 0.507059 0.030000
0 0.554706 0.630227 0.203529 0.019545
0 0.505294 0.719773 0.336471 0.038636
0 0.669412 0.685227 0.083529 0.017727
0 0.746471 0.669091 0.090588 0.021818
0 0.669412 0.770909 0.117647 0.025455
0 0.504706 0.798182 0.178824 0.020000
0 0.229412 0.751364 0.075294 0.020000
