0 0.510588 0.325227 0.217647 0.036818
0 0.731765 0.182273 0.112941 0.028182
0 0.799412 0.122955 0.142353 0.020455
0 0.605294 0.123182 0.103529 0.020909
0 0.285000 0.144091 0.177059 0.025455
0 0.317647 0.180227 0.354118 0.025909
0 0.546176 0.209091 0.094706 0.018182
0 0.426176 0.388182 0.068824 0.014545
0 0.503824 0.418864 0.093529 0.015909
0 0.473235 0.448864 0.090000 0.020455
0 0.719706 0.449091 0.111176 0.018182
0 0.479412 0.478864 0.097647 0.020455
0 0.495294 0.668864 0.631765 0.230455
0 0.471471 0.797273 0.042941 0.017273
0 0.638824 0.797273 0.036471 0.021818
0 0.503235 0.848182 0.332353 0.035455
0 0.676471 0.884091 0.174118 0.023636
0 0.409118 0.882045 0.067647 0.019545
0 0.236471 0.883182 0.088235 0.020909
