0 0.730294 0.287045 0.062941 0.020455
0 0.358529 0.303864 0.097059 0.015909
0 0.540882 0.336136 0.066471 0.015909
0 0.505000 0.384545 0.334706 0.039091
0 0.229706 0.351136 0.178235 0.020455
0 0.505882 0.466364 0.334118 0.040000
0 0.625000 0.500682 0.104118 0.015909
0 0.407353 0.500000 0.113529 0.019091
0 0.541765 0.515682 0.108235 0.017727
0 0.581765 0.531136 0.031765 0.014091
0 0.353529 0.530682 0.142353 0.018636
0 0.255882 0.515682 0.065882 0.016818
0 0.184706 0.530000 0.082353 0.020000
0 0.247941 0.548409 0.140588 0.018636
0 0.692647 0.637500 0.039412 0.015909
0 0.496765 0.688636 0.647647 0.069091
0 0.505882 0.812727 0.505882 0.062727
0 0.502647 0.882727 0.265294 0.024545
0 0.311176 0.858182 0.036471 0.022727
