0 0.501765 0.187273 0.414118 0.045455
0 0.281176 0.147273 0.131765 0.025455
0 0.504706 0.261364 0.504706 0.042727
0 0.415000 0.299091 0.151176 0.022727
0 0.503824 0.330000 0.221765 0.040000
0 0.650294 0.363409 0.164118 0.025909
0 0.405294 0.362045 0.102353 0.026818
0 0.505000 0.402273 0.550000 0.052727
0 0.503824 0.469773 0.402941 0.047727
0 0.508235 0.533636 0.316471 0.041818
0 0.688529 0.567955 0.120588 0.021364
0 0.210294 0.598864 0.134706 0.017727
0 0.348824 0.616591 0.174118 0.019545
0 0.516765 0.615909 0.085294 0.021818
0 0.690294 0.615455 0.202941 0.020000
0 0.713235 0.631818 0.091176 0.019091
0 0.304412 0.633409 0.065294 0.015909
0 0.450294 0.633409 0.110000 0.017727
0 0.505000 0.669545 0.582941 0.040000
0 0.508529 0.737500 0.228824 0.038636
0 0.368235 0.767727 0.129412 0.024545
0 0.506176 0.794318 0.181765 0.027727
0 0.569706 0.767727 0.059412 0.021818
0 0.292059 0.819773 0.102941 0.025000
0 0.500882 0.851364 0.210000 0.039091
