0 0.385000 0.207045 0.098235 0.024091
0 0.722941 0.191364 0.085882 0.017273
0 0.704412 0.233864 0.212353 0.026818
0 0.417941 0.234091 0.157059 0.019091
0 0.324412 0.247273 0.090000 0.017273
0 0.501765 0.249773 0.098824 0.016818
0 0.469412 0.262727 0.088235 0.018182
0 0.343824 0.286136 0.092353 0.016818
0 0.285000 0.327727 0.099412 0.015455
0 0.463529 0.327045 0.157647 0.015909
0 0.645588 0.311818 0.086471 0.015455
0 0.348529 0.381364 0.201765 0.015455
0 0.349412 0.355682 0.162353 0.015909
0 0.301176 0.397727 0.092941 0.013636
0 0.429706 0.396136 0.059412 0.016818
0 0.590000 0.396136 0.107059 0.019545
0 0.424706 0.411591 0.309412 0.017727
