0 0.490882 0.174318 0.286471 0.044091
0 0.706471 0.136591 0.032941 0.024091
0 0.276471 0.212727 0.135294 0.027273
0 0.483529 0.241818 0.322353 0.033636
0 0.427353 0.276591 0.201765 0.024091
0 0.481765 0.305227 0.236471 0.030455
0 0.671765 0.339545 0.210588 0.031818
0 0.486765 0.387273 0.237059 0.033636
0 0.482647 0.448636 0.727647 0.035455
0 0.236471 0.276818 0.118824 0.018182
0 0.432353 0.502727 0.234118 0.021818
0 0.732059 0.502727 0.313529 0.024545
0 0.231176 0.500682 0.041176 0.017727
0 0.215294 0.518182 0.067059 0.019091
0 0.486765 0.555455 0.730000 0.046364
0 0.488824 0.662500 0.482353 0.094091
0 0.485000 0.795227 0.267647 0.024091
0 0.530294 0.737955 0.085294 0.017727
0 0.268824 0.738636 0.121176 0.017273
0 0.133235 0.770000 0.091176 0.024545
0 0.487941 0.847273 0.661765 0.022727
0 0.487353 0.896591 0.205294 0.021364
