0 0.688529 0.189318 0.353529 0.045000
0 0.694706 0.288409 0.210588 0.043182
0 0.773529 0.239318 0.172941 0.020455
0 0.565882 0.221818 0.049412 0.018182
0 0.675588 0.138864 0.078235 0.014091
0 0.693824 0.389773 0.159412 0.042273
0 0.735294 0.428636 0.122353 0.025455
0 0.733824 0.460909 0.244118 0.020000
0 0.267353 0.306591 0.295882 0.050455
0 0.268824 0.207500 0.324706 0.101364
0 0.694412 0.510227 0.265294 0.034091
0 0.660882 0.582500 0.182941 0.033182
0 0.710588 0.545000 0.077647 0.017273
0 0.648529 0.771364 0.245294 0.045455
0 0.692059 0.846591 0.326471 0.041364
