0 0.688824 0.145909 0.230588 0.032727
0 0.624706 0.179545 0.150588 0.020909
0 0.787353 0.181818 0.077059 0.020000
0 0.782059 0.092273 0.148824 0.020909
0 0.577941 0.108864 0.160588 0.019545
0 0.278529 0.294545 0.250000 0.047273
0 0.421765 0.247273 0.078824 0.021818
0 0.268824 0.246818 0.070588 0.016364
0 0.202647 0.335227 0.051176 0.015909
0 0.426471 0.335682 0.072941 0.017727
0 0.279412 0.379091 0.260000 0.041818
0 0.280588 0.448636 0.348235 0.039091
0 0.174118 0.413409 0.060000 0.016818
0 0.283235 0.489091 0.131176 0.018182
0 0.205588 0.504091 0.042941 0.016364
0 0.283824 0.538636 0.334706 0.040909
0 0.175294 0.608182 0.165882 0.023636
0 0.279706 0.641364 0.280588 0.041818
0 0.281176 0.723636 0.304706 0.047273
0 0.280000 0.796364 0.361176 0.048182
0 0.282941 0.882727 0.294118 0.045455
0 0.822353 0.743182 0.130588 0.018182
0 0.672353 0.759318 0.072941 0.015000
0 0.579118 0.836591 0.091176 0.018636
