0 0.248235 0.197955 0.060000 0.014091
0 0.282941 0.225682 0.158824 0.025000
0 0.279412 0.316136 0.168235 0.027727
0 0.217941 0.347045 0.190000 0.020455
0 0.138824 0.379318 0.108235 0.016818
0 0.282941 0.482273 0.242353 0.024545
0 0.277941 0.573182 0.112353 0.039091
0 0.693235 0.245682 0.261765 0.275000
0 0.695000 0.518182 0.326471 0.218182
0 0.820882 0.643636 0.091176 0.020909
0 0.689412 0.697045 0.278824 0.044091
0 0.692059 0.786591 0.255882 0.037727
0 0.692647 0.853182 0.207647 0.039091
0 0.247941 0.823182 0.206471 0.041818
0 0.284118 0.736818 0.278824 0.040000
0 0.205000 0.868182 0.088824 0.023636
0 0.350294 0.868864 0.112353 0.020455
0 0.158235 0.899545 0.080000 0.019091
0 0.280000 0.653864 0.300000 0.021364
