0 0.498824 0.165909 0.434118 0.083636
0 0.626765 0.099773 0.088824 0.013182
0 0.544706 0.242273 0.141176 0.019091
0 0.288529 0.224545 0.151176 0.020000
0 0.420882 0.327273 0.186471 0.016364
0 0.499412 0.482955 0.190588 0.017727
0 0.581765 0.465455 0.108235 0.018182
0 0.764706 0.465227 0.123529 0.019545
0 0.526176 0.512045 0.226471 0.017727
0 0.669706 0.607273 0.228824 0.021818
0 0.652353 0.635455 0.135294 0.015455
0 0.361176 0.606591 0.214118 0.013182
0 0.308235 0.637500 0.198824 0.022273
0 0.355588 0.691591 0.226471 0.015909
0 0.340588 0.739773 0.238824 0.082273
0 0.625882 0.716364 0.177647 0.069091
