0 0.412353 0.199091 0.094118 0.024545
0 0.576176 0.198864 0.090000 0.023182
0 0.578529 0.262955 0.120588 0.024091
0 0.579412 0.305227 0.147059 0.029545
0 0.406765 0.243636 0.118235 0.028182
0 0.408235 0.282500 0.169412 0.028636
0 0.405294 0.306591 0.145882 0.024091
0 0.405000 0.328409 0.134706 0.025909
0 0.409706 0.356364 0.035882 0.025455
0 0.410000 0.378636 0.038824 0.022727
0 0.524706 0.355455 0.024706 0.025455
0 0.575588 0.398409 0.077059 0.024091
0 0.578824 0.440000 0.118824 0.025455
0 0.579706 0.463636 0.126471 0.023636
0 0.405294 0.440455 0.122353 0.024545
0 0.405588 0.462727 0.137059 0.024545
0 0.402647 0.488409 0.067647 0.023182
0 0.210588 0.487500 0.188235 0.019545
0 0.331471 0.673864 0.195882 0.025000
0 0.290294 0.713182 0.338235 0.040000
0 0.327941 0.746818 0.194706 0.023636
0 0.290294 0.784545 0.350000 0.041818
0 0.305294 0.824091 0.197647 0.027273
0 0.290882 0.859318 0.352353 0.040455
0 0.192647 0.898409 0.125294 0.020455
0 0.345588 0.899773 0.118235 0.020455
0 0.741471 0.590455 0.077059 0.020000
0 0.816176 0.621364 0.071176 0.020909
0 0.848235 0.714773 0.077647 0.024091
