0 0.745294 0.224545 0.198824 0.029091
0 0.698529 0.264545 0.193529 0.037273
0 0.683824 0.302045 0.086471 0.025909
0 0.700588 0.337273 0.223529 0.043636
0 0.681765 0.380682 0.132941 0.028636
0 0.701765 0.420909 0.218824 0.046364
0 0.288824 0.304545 0.041176 0.016364
0 0.341471 0.323864 0.157059 0.025000
0 0.280588 0.475682 0.188235 0.031364
0 0.280294 0.512500 0.188824 0.042273
0 0.604706 0.465909 0.118824 0.021818
0 0.762353 0.463636 0.124706 0.019091
0 0.587353 0.525000 0.079412 0.021818
0 0.550294 0.671818 0.050000 0.021818
0 0.634412 0.669318 0.053529 0.023182
0 0.281471 0.680909 0.195882 0.039091
0 0.279118 0.806136 0.241765 0.035909
0 0.282059 0.861591 0.241765 0.032273
