0 0.162941 0.092727 0.060000 0.018182
0 0.402647 0.109773 0.144118 0.018636
0 0.146176 0.153864 0.128824 0.021364
0 0.276471 0.196591 0.387059 0.043182
0 0.297647 0.258864 0.094118 0.015909
0 0.315882 0.273182 0.054118 0.015455
0 0.279118 0.543409 0.099412 0.022273
0 0.290588 0.577955 0.203529 0.044091
0 0.272647 0.610909 0.100588 0.026364
0 0.289706 0.644091 0.228824 0.041818
0 0.266176 0.680682 0.134706 0.021364
0 0.690588 0.654091 0.382353 0.081818
0 0.695294 0.503409 0.308235 0.028636
0 0.749706 0.549318 0.052353 0.018636
0 0.823235 0.595455 0.051176 0.017273
0 0.316176 0.884318 0.087647 0.022273
