0 0.498529 0.238636 0.468824 0.027273
0 0.496765 0.338182 0.302941 0.028182
0 0.497647 0.421818 0.352941 0.027273
0 0.485000 0.490455 0.344118 0.036364
0 0.181176 0.312045 0.140000 0.019545
0 0.484412 0.563182 0.311176 0.045455
0 0.494412 0.600909 0.113529 0.025455
0 0.599706 0.722955 0.075882 0.021364
0 0.727353 0.738636 0.138235 0.019091
0 0.541176 0.738864 0.069412 0.020455
0 0.188824 0.739545 0.197647 0.021818
0 0.152941 0.758864 0.129412 0.023182
0 0.478529 0.800227 0.624118 0.045909
0 0.486765 0.887500 0.468824 0.048636
