0 0.272353 0.093409 0.280000 0.024091
0 0.484412 0.135000 0.580588 0.037273
0 0.272941 0.176136 0.058824 0.021364
0 0.490882 0.207045 0.380588 0.025909
0 0.291471 0.285227 0.231176 0.022273
0 0.493235 0.322273 0.498235 0.038182
0 0.580588 0.285455 0.067059 0.013636
0 0.272647 0.366364 0.187647 0.024545
0 0.500294 0.365909 0.161765 0.024545
0 0.492647 0.406364 0.470000 0.037273
0 0.484706 0.563636 0.641176 0.042727
0 0.484118 0.639545 0.209412 0.033636
0 0.424706 0.525000 0.069412 0.016364
0 0.629706 0.507727 0.079412 0.020000
0 0.847353 0.508636 0.077059 0.017273
0 0.214118 0.706136 0.116471 0.025000
0 0.354412 0.707273 0.112353 0.025455
0 0.496765 0.707273 0.065294 0.019091
0 0.501176 0.748182 0.585882 0.046364
0 0.421471 0.797955 0.260588 0.025909
0 0.751471 0.797955 0.233529 0.031364
0 0.500000 0.842955 0.347059 0.041364
