0 0.421471 0.093409 0.086471 0.017727
0 0.261765 0.125455 0.295294 0.021818
0 0.217941 0.150455 0.213529 0.027273
0 0.484412 0.209091 0.453529 0.029091
0 0.483235 0.279773 0.202941 0.045000
0 0.454118 0.242045 0.076471 0.022273
0 0.457647 0.367727 0.090588 0.018182
0 0.483235 0.423864 0.239412 0.037727
0 0.740588 0.386591 0.152941 0.025000
0 0.505588 0.457500 0.159412 0.019545
0 0.497059 0.473409 0.137647 0.017727
0 0.730882 0.458636 0.064118 0.015455
0 0.483235 0.511364 0.257059 0.041818
0 0.436471 0.556591 0.267059 0.021364
0 0.485294 0.595455 0.317647 0.048182
0 0.486176 0.670909 0.340588 0.040000
0 0.575294 0.706818 0.100000 0.020000
0 0.487647 0.760682 0.331765 0.045909
0 0.487353 0.837273 0.533529 0.040000
0 0.530000 0.875909 0.072941 0.023636
