0 0.491471 0.169545 0.767647 0.040909
0 0.172941 0.131136 0.170588 0.026818
0 0.483529 0.230909 0.530588 0.036364
0 0.488235 0.343182 0.696471 0.135455
0 0.482353 0.499318 0.510588 0.105000
0 0.761765 0.419091 0.280000 0.019091
0 0.485294 0.635682 0.652941 0.117727
0 0.484412 0.732273 0.655882 0.030000
0 0.485882 0.775682 0.402353 0.029545
0 0.479706 0.847500 0.744118 0.068636
0 0.404118 0.899545 0.057647 0.021818
0 0.540882 0.897500 0.107647 0.024091
0 0.654118 0.899318 0.075294 0.028636
0 0.778235 0.897955 0.071765 0.024091
