0 0.489118 0.189773 0.599412 0.029545
0 0.819412 0.163182 0.068235 0.030000
0 0.621765 0.090909 0.225882 0.023636
0 0.686765 0.107727 0.093529 0.023636
0 0.485882 0.255000 0.664706 0.046364
0 0.486765 0.336591 0.461765 0.025000
0 0.490000 0.391364 0.603529 0.023636
0 0.340000 0.365000 0.064706 0.023636
0 0.507059 0.419091 0.060000 0.020000
0 0.486765 0.504318 0.266471 0.025909
0 0.571176 0.470682 0.130588 0.028636
0 0.486471 0.566364 0.352941 0.043636
0 0.485294 0.635455 0.457647 0.025455
0 0.777353 0.660000 0.157059 0.020909
0 0.488235 0.722045 0.577647 0.066818
0 0.163235 0.677045 0.148824 0.025000
0 0.489706 0.813636 0.562941 0.042727
0 0.486765 0.888182 0.310000 0.041818
