0 0.715588 0.149318 0.288824 0.042273
0 0.719412 0.487500 0.256471 0.025000
0 0.588824 0.462500 0.050588 0.014091
0 0.681176 0.463864 0.087059 0.016818
0 0.714412 0.594545 0.239412 0.038182
0 0.622353 0.561136 0.064706 0.015000
0 0.722647 0.563182 0.084118 0.014545
0 0.716176 0.757273 0.352353 0.098182
0 0.718529 0.876136 0.311176 0.047727
0 0.358529 0.800682 0.171176 0.039545
0 0.142353 0.801818 0.110588 0.019091
0 0.458529 0.859318 0.212353 0.019545
0 0.379118 0.890000 0.068824 0.018182
0 0.143235 0.844773 0.112353 0.016818
0 0.120000 0.860000 0.068235 0.014545
