0 0.489706 0.131818 0.668824 0.043636
0 0.484706 0.197727 0.602353 0.044545
0 0.485000 0.248636 0.199412 0.035455
0 0.482647 0.311591 0.361765 0.042273
0 0.486471 0.371591 0.423529 0.058636
0 0.484706 0.502727 0.420000 0.050909
0 0.486176 0.570682 0.368824 0.051364
0 0.406176 0.620227 0.228824 0.040455
0 0.638824 0.618864 0.158824 0.045000
0 0.238824 0.663409 0.203529 0.034091
0 0.426471 0.703409 0.056471 0.035000
0 0.590882 0.707727 0.244118 0.049091
0 0.215294 0.742955 0.185882 0.027727
0 0.475294 0.747955 0.232941 0.035000
0 0.483235 0.834091 0.440588 0.098182
