0 0.495882 0.129091 0.130588 0.021818
0 0.214412 0.157045 0.106471 0.016818
0 0.498824 0.368636 0.381176 0.039091
0 0.495588 0.537727 0.213529 0.025455
0 0.506471 0.561591 0.230588 0.022273
0 0.763529 0.592955 0.105882 0.023182
0 0.305588 0.262955 0.113529 0.022273
0 0.319706 0.297045 0.140588 0.019545
0 0.258824 0.314545 0.043529 0.015455
0 0.760588 0.227273 0.245882 0.020909
0 0.688529 0.245455 0.115882 0.022727
0 0.834412 0.246364 0.099412 0.020909
0 0.573529 0.246136 0.041176 0.021364
0 0.639706 0.177045 0.061765 0.021364
0 0.765882 0.157500 0.089412 0.024091
0 0.830588 0.192500 0.065882 0.019545
0 0.507647 0.645909 0.337647 0.048182
0 0.255882 0.683182 0.141176 0.019091
0 0.425588 0.701364 0.065294 0.019091
